0.000000000000000000e+00
0.000000000000000000e+00
0.000000000000000000e+00
0.000000000000000000e+00
0.000000000000000000e+00
0.000000000000000000e+00
1.595936639279226660e-02
9.200386279706768144e-02
0.000000000000000000e+00
0.000000000000000000e+00
1.635700865869772064e-02
2.952945302033477271e-02
0.000000000000000000e+00
0.000000000000000000e+00
0.000000000000000000e+00
0.000000000000000000e+00
0.000000000000000000e+00
0.000000000000000000e+00
0.000000000000000000e+00
2.788362561570465609e-02
1.027181920646784430e-01
1.871336647957339838e-01
0.000000000000000000e+00
0.000000000000000000e+00
0.000000000000000000e+00
0.000000000000000000e+00
0.000000000000000000e+00
0.000000000000000000e+00
0.000000000000000000e+00
0.000000000000000000e+00
6.781170525911328628e-02
1.718389003357846390e-01
3.547475498188162324e-01
6.676027171414947725e-01
0.000000000000000000e+00
0.000000000000000000e+00
0.000000000000000000e+00
0.000000000000000000e+00
1.674421104020285336e-02
1.443221695773344859e-01
1.602269350545962312e-01
2.674875731543576753e-03
2.951687079008212880e-03
0.000000000000000000e+00
0.000000000000000000e+00
0.000000000000000000e+00
0.000000000000000000e+00
0.000000000000000000e+00
0.000000000000000000e+00
0.000000000000000000e+00
